(0,0,5) -- Hero: (470,9,4,0,0,0,0,0,0) -- 2 Linked
(0,4,6) -- Hero: (415,9,4,0,0,1,0,0,0) -- 6 Linked
(0,6,5) -- Hero: (391,9,4,0,0,1,0,0,0) -- 7 Linked
(0,7,3) -- Hero: (336,9,4,0,0,0,0,0,0) -- 7 Linked
(0,0,7) -- Hero: (320,9,5,0,0,0,0,0,0) -- 7 Linked
(0,5,3) -- Hero: (451,10,5,0,0,0,0,0,0) -- 6 Linked
(0,5,7) -- Hero: (526,11,5,0,0,0,0,0,0) -- 6 Linked
(0,5,9) -- Hero: (566,11,5,0,0,0,0,0,0) -- 5 Linked
(0,9,1) -- Hero: (589,11,6,0,0,0,0,0,0) -- 5 Linked
(0,7,10) -- Hero: (726,11,7,0,0,0,0,0,0) -- 4 Linked
(0,1,2) -- Hero: (682,12,8,0,0,0,0,0,0) -- 3 Linked
(0,9,5) -- Hero: (601,13,8,0,0,1,0,0,0) -- 2 Linked
(0,10,5) -- Hero: (13,13,8,0,0,1,0,0,0) -- 1 Linked
