(0,12,6) -- Hero: (1000,10,10,0,0,0,0,0,0) -- 3 Linked 50,52,39,
(0,7,8) -- Hero: (1000,10,10,0,0,0,1,0,0) -- 7 Linked 50,52,38,40,44,47,28,
(0,12,8) -- Hero: (967,10,11,0,0,0,1,0,0) -- 7 Linked 50,38,40,44,47,23,46,
(0,9,12) -- Hero: (811,11,11,5,0,0,1,0,0) -- 6 Linked 50,38,40,47,23,48,
(0,4,8) -- Hero: (886,11,11,5,0,0,1,0,0) -- 7 Linked 50,38,40,47,54,13,16,
(0,2,8) -- Hero: (615,11,11,5,0,0,1,0,0) -- 8 Linked 50,38,40,47,54,16,9,12,
(0,2,6) -- Hero: (615,11,11,5,0,0,0,0,0) -- 9 Linked 50,38,40,47,54,16,9,8,11,
(0,2,4) -- Hero: (350,12,11,5,0,0,0,0,0) -- 10 Linked 50,38,40,47,54,16,9,3,21,2,
(0,4,2) -- Hero: (225,12,13,10,0,0,0,0,0) -- 13 Linked 50,38,40,47,54,16,9,3,22,26,7,15,25,
(0,8,11) -- Hero: (187,13,14,10,0,0,0,0,0) -- 15 Linked 50,38,47,54,16,9,3,22,26,7,10,19,30,33,29,
(0,1,9) -- Hero: (92,13,15,10,0,0,0,0,0) -- 14 Linked 50,38,47,54,16,3,22,26,7,10,19,30,29,4,
(0,0,11) -- Hero: (145,13,16,10,0,0,0,0,0) -- 14 Linked 50,38,47,54,16,3,22,26,7,10,19,30,29,6,
(0,2,0) -- Hero: (65,13,16,15,0,0,0,0,0) -- 14 Linked 50,38,47,54,16,3,22,26,7,19,30,29,14,1,
(0,2,12) -- Hero: (65,14,16,15,0,1,0,0,0) -- 13 Linked 50,38,47,54,16,3,22,26,7,19,30,29,18,
(0,4,6) -- Hero: (137,14,17,15,0,1,0,0,0) -- 13 Linked 50,38,47,54,16,3,26,7,19,30,29,24,27,
(0,6,6) -- Hero: (209,14,17,15,0,1,0,0,0) -- 13 Linked 50,38,47,54,16,3,26,7,19,30,29,24,31,
(0,12,12) -- Hero: (85,14,17,20,0,1,0,0,0) -- 13 Linked 50,38,47,16,3,26,7,19,30,29,24,35,53,
(0,8,5) -- Hero: (285,14,17,20,0,0,0,0,0) -- 14 Linked 50,47,16,3,26,7,19,30,29,24,35,37,43,45,
(0,3,9) -- Hero: (359,14,17,20,0,0,0,0,0) -- 13 Linked 50,47,3,26,7,19,30,29,24,35,43,45,17,
(0,0,6) -- Hero: (22,14,17,20,0,0,0,0,0) -- 11 Linked 50,47,26,7,19,30,29,24,35,43,45,
